1042,1012
1047,999
1051,986
1057,974
1061,962
1066,949
1069,936
1076,926
1081,914
1082,899
1087,888
1092,876
1114,862
1133,861
1169,873
1214,890
1266,912
1324,936
1069,936
1491,1017
1471,985
1477,971
1482,956
1489,943
1501,913
1509,900
1512,885
1518,871
1524,857
1530,843
1536,829
1544,816
1548,802
1552,787
1559,774
1566,761
1574,730
1581,717
1588,704
1595,690
1599,676
1606,663
1611,649
1618,636
1621,621
1627,607
1611,586
1613,571
1625,543
1631,529
1637,516
1645,503
1649,488
1656,475
1662,461
1668,448
1676,435
1681,421
1689,407
1692,393
-339,640
-331,640
-324,638
-316,637
-309,636
-302,635
-295,634
-288,633
-281,633
-274,632
-267,631
-260,630
-248,632
-243,634
-239,640
-225,618
-220,622
-216,625
-210,625
-204,625
-198,625
-192,623
-186,624
-260,630
-248,632
-243,634
-239,640
-150,616
-145,621
-140,621
-134,620
-128,619
-122,618
-117,618
-111,618
-106,617
-94,617
-89,618
-83,616
-78,616
-73,616
-67,616
-62,615
-56,614
-51,608
-45,600
-111,618
-37,638
-25,628
-19,614
-13,601
-78,616
-73,616
-67,616
-62,615
2,122
3,124
4,125
-111,618
-37,638
-25,628
-19,614
-13,601
-78,616
-73,616
-67,616
-62,615
2,122
3,124
95,616
101,618
106,613
118,615
124,618
130,619
-78,616
-73,616
-67,616
-62,615
2,122
3,124
95,616
101,618
106,613
185,592
194,601
201,604
202,592
205,584
217,601
227,614
233,612
237,608
243,606
249,605
254,605
266,602
271,600
276,596
281,593
287,593
294,594
301,595
308,595
314,595
321,594
326,592
332,591
345,588
351,587
356,584
360,580
369,583
383,593
391,594
397,592
401,587
408,586
415,585
422,585
435,580
443,580
451,580
458,579
466,578
474,578
481,577
490,576
498,576
506,575
514,575
523,574
536,568
545,568
555,567
563,566
573,566
582,565
592,565
602,564
611,563
622,563
632,562
643,561
658,554
669,554
679,552
691,552
702,551
714,550
727,550
738,548
751,548
763,547
776,546
788,545
806,535
820,534
832,532
691,552
843,518
842,508
842,498
842,488
841,478
840,468
840,458
838,448
843,431
841,421
841,412
846,405
861,403
876,401
891,399
908,396
925,394
941,392
939,381
925,367
930,349
934,341
938,334
917,317
907,305
911,298
884,280
896,276
922,275
979,283
995,278
925,367
844,212
838,203
835,194
833,186
832,178
832,171
833,163
836,157
837,149
842,143
849,136
857,130
867,115
884,110
957,111
996,106
999,98
994,89
996,80
992,71
837,149
842,143
1270,58
1300,48
1299,25
1298,14
1296,2
1293,-8
1296,-19
1294,-30
1293,-41
1290,-52
1289,-63
1288,-75
1288,-86
1286,-97
1284,-120
1281,-131
1281,-142
1278,-153
1277,-164
1276,-176
1275,-187
1274,-198
1275,-210
1288,-75
1269,-231
1269,-243
1267,-266
1267,-278
1264,-289
1265,-300
1263,-311
1261,-322
1261,-334
1259,-345
1258,-357
1257,-368
1256,-380
1253,-391
1250,-415
1250,-426
1249,-438
1260,-454
1240,-459
1242,-472
1246,-486
1243,-497
1241,-509
1240,-521
1240,-534
1239,-546
1234,-571
1232,-583
1232,-596
1260,-454
1240,-459
1242,-472
1246,-486
966,-519
937,-514
913,-511
889,-508
866,-505
839,-509
817,-506
799,-505
780,-502
762,-500
744,-497
727,-495
710,-493
693,-489
679,-488
663,-486
649,-484
630,-488
617,-486
604,-485
591,-483
578,-481
567,-480
555,-478
544,-477
532,-475
521,-473
511,-473
501,-471
486,-474
476,-472
466,-470
457,-469
448,-468
439,-466
430,-465
422,-464
414,-463
406,-462
398,-461
390,-460
379,-463
371,-462
364,-461
357,-460
350,-459
344,-459
337,-458
330,-457
323,-456
317,-456
311,-454
305,-454
295,-457
289,-457
283,-456
277,-455
271,-454
266,-455
261,-455
256,-454
250,-454
245,-454
240,-454
235,-454
226,-455
221,-456
216,-456
213,-460
211,-466
209,-472
208,-480
207,-491
210,-509
208,-517
207,-528
206,-540
201,-555
200,-568
200,-583
199,-597
197,-611
197,-627
196,-643
195,-660
194,-678
192,-696
191,-716
190,-737
181,-760
179,-782
178,-807
176,-832
174,-860
172,-888
169,-917
167,-949
164,-984
161,-1021
158,-1061
155,-1104
140,-1151
136,-1201
131,-1257
126,-1316
120,-1381
172,-888
107,-1532
92,-1504
78,-1487
161,-1021
158,-1061
155,-1104
140,-1151
136,-1201
-32,-3827
-65,-3841
-98,-3828
-131,-3833
-165,-3838
-198,-3830
-230,-3819
-263,-3818
-296,-3816
-329,-3815
-398,-3811
-431,-3807
-463,-3797
-496,-3799
-527,-3786
-561,-3788
-592,-3779
-624,-3772
-659,-3778
-692,-3779
-724,-3769
-757,-3768
-826,-3760
-858,-3751
-889,-3737
-924,-3742
-957,-3738
-991,-3739
-1025,-3736
-1056,-3726
-1093,-3732
-1128,-3734
-1157,-3714
-1193,-3716
-1262,-3703
-1300,-3709
-1331,-3696
-1369,-3701
-1405,-3700
-1439,-3692
-1476,-3693
-1511,-3688
-1547,-3687
-1579,-3673
-1614,-3667
-1652,-3669
-1723,-3648
-1757,-3638
-1796,-3638
-1835,-3638
-1874,-3636
-1851,-3515
-1835,-3412
-1827,-3329
-1813,-3235
-1799,-3145
-931,-1597
-939,-1578
-970,-1565
-989,-1565
-1007,-1564
-1025,-1563
-1044,-1562
-1061,-1559
-1079,-1557
-1097,-1554
-1117,-1553
-1138,-1554
-1155,-1549
-1176,-1550
-1210,-1536
-1229,-1533
-1252,-1534
-1273,-1533
-1292,-1529
-1315,-1530
-1335,-1527
-1097,-1554
-837,-924
-833,-904
-829,-885
-826,-867
-833,-841
-831,-824
-826,-806
-824,-790
-822,-775
-819,-759
-816,-744
-814,-729
-811,-714
-810,-700
-806,-685
-805,-673
-808,-651
-806,-638
-805,-625
-802,-612
-800,-600
-798,-588
-797,-576
-795,-564
-794,-553
-804,-550
-817,-548
-830,-547
-850,-538
-864,-537
-879,-535
-895,-534
-910,-533
-926,-531
-919,-517
-940,-518
-944,-510
-994,-526
-1014,-526
-1032,-524
-1056,-512
-1076,-510
-1098,-509
-1118,-507
-1141,-505
-1163,-503
-1186,-501
-1211,-499
-1234,-496
-1262,-495
-1290,-493
-1319,-491
-1351,-475
-1379,-472
-1098,-509
-1383,-447
-1141,-505
-1529,-466
-1523,-450
-1524,-436
-1521,-421
-1522,-407
-1519,-392
-1516,-378
-1518,-349
-1517,-335
-1512,-321
-1510,-306
-1511,-293
-1509,-279
-1507,-265
-1505,-251
-1503,-238
-1522,-407
-1519,-392
-1516,-378
-1516,-172
-1496,-156
-1496,-143
-1492,-130
-1493,-117
-1349,-94
-1507,-265
-1486,-78
-1487,-65
-1486,-52
-1483,-40
-1482,-27
-1480,0
-1478,12
-1476,25
-1477,37
-1474,50
-1471,63
-1472,75
-1470,88
-1469,101
-1467,113
-1465,126
-1466,139
-1464,165
-1457,177
-1458,190
-1459,203
-1457,215
-1455,228
-1455,241
-1450,253
-1444,265
-1445,277
-1443,290
-1442,303
-1440,329
-1440,343
-1436,355
-1422,365
-1419,377
-1442,396
-1419,403
-1416,416
-1418,429
-1413,441
-1411,454
-1410,467
-1406,495
-1404,508
-1404,521
-1402,534
-1400,548
-1399,561
-1399,575
-1397,589
-1388,599
-1407,622
-1356,613
-1323,612
-1406,495
-1237,613
-1199,607
-1161,600
-1126,594
-1093,589
-1065,585
-1035,580
-1007,576
-980,572
-951,566
-940,570
-929,586
-934,601
-932,611
-932,623
-929,633
-929,644
-928,656
-926,667
-921,675
-921,687
-951,566
-940,570
-929,586
-853,697
-834,693
-817,691
-800,689
-782,686
-766,683
-750,681
-736,679
-720,677
-706,675
-691,672
-671,677
-658,675
-644,673
-631,671
-619,669
-606,667
-594,665
-583,664
-572,663
-560,660
-548,658
-537,656
-521,660
-510,658
-499,656
-489,655
-479,653
-469,652
-460,651
-451,649
-441,647
-432,646
-423,646
-414,644
-399,646
-390,644
-383,644
-374,642
-366,641
-358,640
-351,639
-343,638
-335,637
-328,636
-320,635
-313,634
-300,636
-293,635
-286,634
-279,634
-272,632
-265,632
-258,631
-252,631
-246,633
-242,639
-228,617
-223,621
-142,-234
-136,-235
-131,-235
-125,-236
-120,-237
-114,-238
-109,-239
-103,-240
-98,-239
-92,-240
-87,-241
-81,-242
-70,-242
-65,-242
-59,-242
-54,-248
-48,-256
-43,-253
-39,-221
-33,-225
-27,-240
-21,-254
-16,-254
-81,-242
-70,-242
-65,-242
-9,-736
-8,-735
-7,-733
-43,-253
-39,-221
-33,-225
-27,-240
-21,-254
53,-237
59,-234
-70,-242
-65,-242
81,-238
84,-252
91,-246
97,-243
102,-245
107,-246
114,-243
120,-241
53,-237
59,-234
-70,-242
-65,-242
81,-238
84,-252
91,-246
97,-243
102,-245
107,-246
181,-264
190,-255
194,-260
195,-274
206,-277
221,-253
228,-249
233,-252
238,-256
243,-257
249,-257
255,-259
261,-260
265,-263
270,-266
275,-268
221,-1110
221,-1114
220,-1118
220,-1123
220,-1127
219,-1131
220,-1136
219,-1141
220,-1147
219,-1151
219,-1156
218,-1161
216,-1169
216,-1174
216,-1180
215,-1185
215,-1190
215,-1197
215,-1203
214,-1209
214,-1215
214,-1222
214,-1228
214,-1235
209,-1244
209,-1251
208,-1258
208,-1266
208,-1273
207,-1281
207,-1290
206,-1298
206,-1307
205,-1316
205,-1325
204,-1334
199,-1345
199,-1356
198,-1367
197,-1378
196,-1389
195,-1400
194,-1411
194,-1425
193,-1438
192,-1451
191,-1465
190,-1480
183,-1497
182,-1513
181,-1530
179,-1548
178,-1566
176,-1585
175,-1606
173,-1626
171,-1648
169,-1672
167,-1696
165,-1723
155,-1753
152,-1782
149,-1813
146,-1847
143,-1883
140,-1922
136,-1963
132,-2007
127,-2055
123,-2108
117,-2163
112,-2225
92,-2292
84,-2368
149,-1813
66,-2540
143,-1883
80,-3901
54,-3926
28,-3909
1,-3914
-24,-3912
-51,-3901
-77,-3899
-132,-3894
-158,-3896
-184,-3887
-210,-3883
-236,-3882
-262,-3868
-288,-3873
-314,-3864
-340,-3866
-367,-3867
-392,-3856
-419,-3860
-473,-3852
-497,-3840
-524,-3841
-550,-3839
-576,-3835
-601,-3830
-628,-3831
-654,-3828
-679,-3819
-706,-3822
-734,-3825
-760,-3822
-815,-3814
-842,-3815
-867,-3806
-894,-3805
-920,-3800
-947,-3796
-975,-3799
-1000,-3788
-1027,-3786
-1053,-3781
-1083,-3785
-1108,-3776
-1164,-3764
-1191,-3759
-1217,-3749
-1246,-3747
-1277,-3750
-1306,-3749
-1336,-3747
-1367,-3749
-1397,-3745
-1427,-3744
-1456,-3739
-1484,-3731
-1538,-3709
-1570,-3711
-1599,-3704
-1630,-3703
-1664,-3705
-1696,-3704
-1727,-3698
-1760,-3699
-1792,-3695
-1808,-3666
-1791,-3588
-1776,-3514
-1806,-3456
-1782,-3376
-1770,-3312
-1761,-3256
-1751,-3200
-1744,-3150
-1735,-3098
-1728,-3049
-1714,-2993
-1708,-2948
-1698,-2900
-1691,-2856
-1706,-2802
-1666,-2724
-1713,-2743
-1687,-2683
-1726,-2693
-1718,-2654
-1712,-2617
-1710,-2585
-1700,-2546
-1696,-2513
-1689,-2478
-870,-1672
-875,-1647
-878,-1636
-890,-1634
-904,-1633
-919,-1632
-933,-1631
-948,-1630
-963,-1629
-978,-1627
-994,-1626
-1009,-1624
-1026,-1623
-1050,-1613
-1067,-1611
-1083,-1609
-1102,-1608
-1119,-1605
-1138,-1605
-1157,-1603
-1177,-1602
-1196,-1599
-1216,-1598
-1238,-1597
-1260,-1595
-1289,-1581
-1310,-1578
-1334,-1577
-1359,-1576
-1381,-1572
-1405,-1569
-1431,-1567
-1556,-1613
-1590,-1613
-1585,-1594
-1581,-1576
-1578,-1558
-1582,-1526
-1582,-1510
-1580,-1493
-1576,-1476
-1574,-1460
-1569,-1443
-1570,-1428
-1565,-1411
-1562,-1395
-1563,-1380
-1565,-1366
-1578,-1558
-912,-1126
-909,-1117
-908,-1108
-906,-1099
-904,-1091
-904,-1083
-904,-1074
-904,-1066
-902,-1058
-903,-1050
-1565,-1366
-1578,-1558
-775,-995
-775,-988
-773,-981
-772,-974
-771,-967
-771,-960
-770,-953
-768,-947
-766,-940
-766,-933
-766,-927
-765,-920
-765,-906
-764,-900
-763,-893
-762,-887
-761,-880
-760,-874
-758,-867
-758,-861
-758,-854
-758,-848
-756,-842
-756,-835
-755,-822
-755,-815
-754,-809
-751,-803
-752,-796
-751,-790
-752,-783
-751,-777
-750,-771
-750,-764
-749,-758
-746,-752
-746,-738
-745,-732
-744,-726
-742,-720
-743,-713
-742,-707
-741,-700
-740,-694
-740,-688
-739,-681
-740,-674
-739,-668
-736,-655
-735,-648
-735,-642
-734,-635
-733,-629
-732,-622
-738,-613
-740,-694
-1440,-347
-1422,-340
-1422,-326
-1419,-313
-1413,-286
-1411,-273
-1411,-258
-1408,-246
-1409,-231
-1407,-217
-1400,-205
-1404,-189
-1402,-175
-1401,-161
-1400,-146
-1399,-132
-1391,-104
-1285,-148
-1343,-100
-1389,-58
-1385,-44
-1384,-29
-1383,-13
-1381,1
-1381,18
-1379,33
-1377,49
-1375,65
-1365,94
-1364,111
-1362,127
-1362,145
-1359,161
-1355,176
-1355,195
-1381,1
-1381,18
-1379,33
-1349,267
-1346,285
-1333,316
-1332,336
-1331,355
-1328,374
-1326,394
-1326,415
-1323,434
-1321,455
-1322,479
-1321,501
-1317,521
-1311,538
-1333,316
-1267,565
-1243,563
-1219,560
-1192,553
-1171,552
-1125,520
-1124,544
-1100,538
-1080,536
-1057,531
-1037,530
-1002,538
-980,531
-960,529
-940,525
-922,523
-903,521
-883,516
-862,509
-852,519
-849,542
-847,567
-845,592
-827,622
-980,531
-807,646
-789,643
-770,639
-754,639
-736,635
-720,634
-701,628
-686,627
-669,624
-653,623
-623,626
-607,622
-593,622
-577,618
-770,639
-551,623
-528,599
-513,594
-501,600
-487,598
-475,601
-460,597
-433,600
-419,597
-593,622
-577,618
-770,639
-551,623
-348,576
-336,582
-323,582
-311,582
-297,579
-284,577
-258,579
-245,578
-233,577
-220,574
-207,574
-194,572
-182,570
-169,569
-156,565
-144,567
-132,565
-119,562
-94,560
-81,560
-68,548
-55,532
-43,518
-31,555
-19,585
-6,553
5,521
17,515
-132,565
-119,562
-94,560
-81,560
-68,548
-55,532
-43,518
-31,555
-19,585
157,565
165,535
176,519
190,531
198,506
226,520
240,527
251,520
263,519
276,521
289,524
-19,585
11,-747
12,-746
13,-746
190,531
198,506
226,520
240,527
251,520
263,519
429,478
446,489
459,490
472,488
486,490
495,480
503,467
518,470
558,499
573,502
586,498
594,486
608,485
621,483
635,481
647,477
658,471
669,464
681,459
698,462
726,457
739,455
755,456
768,451
783,451
798,450
810,445
824,442
838,438
851,434
864,429
891,444
941,464
926,420
916,384
910,355
908,331
904,305
921,305
944,314
963,316
851,434
253,-546
252,-553
254,-562
254,-567
255,-572
255,-576
257,-579
252,-589
252,-593
251,-599
251,-603
250,-608
250,-613
249,-618
251,-625
250,-629
249,-634
249,-638
249,-643
248,-647
247,-651
247,-655
246,-659
246,-663
245,-667
245,-671
246,-677
246,-680
245,-684
244,-688
244,-691
244,-694
244,-698
243,-701
243,-704
243,-707
242,-711
242,-714
242,-720
243,-722
242,-725
242,-728
242,-731
242,-734
241,-737
241,-740
240,-743
241,-745
241,-748
241,-750
242,-755
241,-758
241,-761
240,-763
240,-766
240,-769
240,-771
240,-774
240,-776
239,-779
239,-781
239,-784
239,-788
240,-791
239,-793
240,-795
239,-798
239,-800
238,-803
239,-805
238,-807
238,-810
238,-812
238,-814
238,-819
238,-821
238,-823
238,-825
238,-828
238,-830
237,-832
237,-834
238,-837
238,-839
237,-841
237,-843
237,-848
237,-850
236,-852
236,-854
236,-857
236,-859
236,-861
236,-863
236,-865
236,-867
236,-870
236,-872
236,-876
236,-878
236,-881
235,-883
235,-885
235,-887
235,-889
235,-892
235,-894
235,-896
235,-898
235,-900
234,-905
235,-907
234,-909
234,-912
234,-914
234,-916
233,-918
234,-921
234,-923
234,-925
234,-928
234,-930
233,-934
232,-937
233,-939
233,-941
232,-944
233,-946
233,-949
233,-951
233,-953
232,-956
232,-958
232,-961
231,-965
230,-968
231,-970
231,-973
230,-975
231,-978
231,-981
231,-983
231,-986
230,-988
230,-991
230,-993
229,-999
229,-1001
229,-1004
229,-1007
228,-1010
229,-1013
228,-1015
228,-1018
228,-1021
228,-1024
228,-1027
228,-1030
226,-1035
226,-1039
226,-1042
226,-1045
226,-1049
226,-1052
225,-1055
225,-1059
225,-1062
225,-1065
225,-1069
225,-1073
223,-1079
223,-1083
223,-1087
222,-1090
223,-1094
223,-1098
222,-1102
222,-1106
223,-1111
222,-1114
222,-1119
221,-1123
95,-2068
94,-2074
93,-2080
92,-2086
91,-2092
91,-2099
90,-2105
89,-2112
88,-2119
87,-2126
86,-2133
85,-2140
80,-2150
79,-2158
77,-2166
76,-2175
75,-2183
73,-2192
72,-2201
71,-2211
69,-2221
68,-2231
66,-2241
64,-2252
58,-2264
56,-2276
54,-2288
52,-2300
50,-2313
47,-2326
45,-2340
43,-2356
41,-2372
38,-2387
35,-2403
32,-2420
23,-2439
20,-2459
16,-2479
12,-2499
9,-2522
4,-2544
0,-2570
-3,-2597
-8,-2625
-13,-2653
-19,-2684
-24,-2718
-39,-2755
-46,-2793
-54,-2834
-62,-2879
-71,-2926
-80,-2977
-91,-3032
-102,-3094
-114,-3162
-13,-2653
-19,-2684
-160,-3407
-518,-3937
-539,-3939
-557,-3933
-577,-3932
-596,-3928
-617,-3929
-636,-3924
-656,-3924
-676,-3925
-696,-3922
-717,-3923
-735,-3916
-778,-3915
-798,-3910
-817,-3906
-837,-3902
-857,-3899
-878,-3899
-900,-3899
-921,-3899
-941,-3893
-962,-3893
-983,-3891
-1004,-3887
-1046,-3878
-1068,-3875
-1089,-3874
-1111,-3871
-1131,-3867
-1152,-3862
-1174,-3860
-1199,-3864
-1221,-3861
-1245,-3862
-1269,-3863
-1290,-3856
-1334,-3844
-1355,-3837
-1379,-3837
-1400,-3830
-1432,-3839
-1455,-3835
-1477,-3828
-1501,-3824
-1529,-3827
-1552,-3820
-1580,-3821
-1607,-3821
-1655,-3806
-1679,-3801
-1707,-3801
-1732,-3796
-1432,-3839
-1720,-3708
-1710,-3661
-1706,-3622
-1703,-3586
-1695,-3544
-1689,-3506
-1682,-3467
-1694,-3418
-1684,-3378
-1681,-3346
-1674,-3311
-1670,-3280
-1663,-3246
-1657,-3214
-1655,-3187
-1646,-3153
-1645,-3128
-1636,-3095
-1633,-3068
-1640,-3025
-1635,-2999
-1629,-2971
-1626,-2947
-1624,-2923
-1620,-2899
-1660,-2909
-1634,-2868
-1638,-2851
-1704,-2878
-1646,-2816
-1645,-2795
-1651,-2758
-1646,-2735
-1645,-2715
-1639,-2692
-1635,-2671
-1635,-2652
-1631,-2632
-1626,-2611
-1624,-2592
-1621,-2573
-1619,-2554
-1617,-2536
-1620,-2503
-1619,-2486
-1616,-2467
-1613,-2449
-1609,-2432
-1608,-2415
-1606,-2398
-1602,-2381
-1600,-2364
-1599,-2349
-1595,-2331
-1592,-2315
-1596,-2285
-1595,-2270
-1590,-2254
-1586,-2238
-1609,-2432
-1261,-2100
-1283,-2096
-1272,-2082
-1317,-2084
-1350,-2083
-1310,-2059
-1307,-2047
-1308,-2024
-1299,-2011
-1304,-2001
-1586,-2238
-1349,-1989
-1350,-1978
-1347,-1966
-1346,-1955
-1344,-1943
-1342,-1932
-1339,-1920
-1290,-1901
-1295,-1880
-1280,-1868
-1281,-1857
-1286,-1847
-1349,-1989
-1350,-1978
-815,-1775
-813,-1769
-814,-1763
-814,-1757
-842,-1752
-884,-1747
-1295,-1880
-1280,-1868
-1281,-1857
-1286,-1847
-1349,-1989
-1350,-1978
-1521,-1675
-1523,-1663
-1522,-1651
-1519,-1639
-1519,-1626
-1515,-1614
-1514,-1588
-1514,-1576
-1511,-1564
-1510,-1552
-1510,-1539
-1508,-1527
-1495,-1517
-1508,-1502
-1505,-1490
-1503,-1478
-1500,-1466
-1476,-1458
-1497,-1428
-1500,-1415
-1463,-1410
-1468,-1397
-1467,-1384
-1490,-1366
-1490,-1353
-1452,-1351
-1476,-1331
-1485,-1316
-1485,-1303
-1484,-1290
-1475,-1266
-1476,-1252
-1472,-1241
-1458,-1232
-1455,-1220
-1455,-1207
-1453,-1194
-1449,-1182
-1452,-1167
-1485,-1316
-1226,-1236
-1191,-1240
-1152,-1234
-1119,-1238
-1086,-1243
-1055,-1248
-1027,-1251
-1000,-1255
-975,-1259
-947,-1264
-919,-1270
-903,-1269
-1226,-1236
-877,-1266
-867,-1253
-863,-1246
-862,-1238
-861,-1230
-859,-1222
-858,-1213
-857,-1205
-852,-1198
-851,-1189
-852,-1179
-853,-1169
-853,-1159
-850,-1140
-849,-1131
-868,-1105
-852,-1107
-835,-1110
-820,-1112
-804,-1114
-789,-1118
-775,-1119
-761,-1121
-748,-1123
-737,-1123
-728,-1109
-726,-1100
-726,-1090
-726,-1079
-725,-1069
-723,-1060
-722,-1049
-721,-1039
-721,-1027
-720,-1016
-719,-1005
-718,-993
-711,-975
-710,-964
-709,-952
-708,-939
-707,-926
-706,-913
-705,-900
-703,-887
-702,-873
-702,-858
-701,-844
-700,-829
-690,-809
-689,-792
-688,-776
-686,-761
-691,-733
-706,-913
-1269,308
-1268,348
-1267,389
-1262,424
-701,-844
-1223,441
-1166,426
-1146,434
-688,-776
-686,-761
-1082,442
-1058,437
-1035,433
-1009,425
-987,424
-965,423
-941,417
-918,412
-875,414
-854,412
-833,412
-811,408
-794,418
-786,459
-779,504
-1009,425
-747,538
-721,521
-704,535
-918,412
-633,508
-614,509
-595,511
-575,505
-557,511
-537,506
-519,509
-1009,425
-122,-1606
-121,-1604
-704,535
-421,483
-383,493
-364,493
-344,487
-325,486
-306,485
-286,481
-267,480
-249,483
-229,472
-210,470
-191,471
-173,471
-134,470
-115,467
-96,465
-78,462
-59,461
-41,462
-23,456
-4,453
12,433
29,406
47,412
70,471
117,477
129,417
144,387
-78,462
-87,-1591
-85,-1589
-84,-1588
-4,453
12,433
29,406
47,412
317,412
357,408
129,417
144,387
-78,462
-87,-1591
450,390
472,400
492,400
510,394
531,396
47,412
-68,-1604
-66,-1605
-65,-1604
-64,-1604
-78,462
-87,-1591
450,390
472,400
492,400
510,394
296,-781
295,-805
294,-829
298,-860
289,-898
282,-931
292,-928
293,-942
288,-967
284,-990
280,-1013
278,-1030
275,-1048
271,-1068
268,-1086
271,-1107
268,-1122
268,-1134
266,-1148
265,-1160
263,-1174
261,-1187
259,-1198
256,-1212
254,-1224
252,-1236
247,-1251
257,-1255
261,-1258
259,-1269
255,-1281
252,-1292
250,-1301
249,-1309
249,-1317
247,-1325
246,-1333
246,-1340
244,-1348
246,-1359
246,-1365
245,-1372
244,-1379
243,-1386
242,-1392
242,-1398
241,-1405
240,-1410
239,-1417
239,-1422
238,-1428
240,-1437
238,-1443
238,-1447
237,-1453
236,-1459
236,-1463
235,-1468
234,-1473
234,-1478
232,-1483
232,-1488
232,-1492
233,-1500
232,-1505
232,-1509
231,-1513
231,-1517
231,-1521
230,-1525
230,-1529
229,-1533
229,-1537
228,-1541
228,-1545
229,-1552
228,-1556
228,-1559
228,-1563
227,-1567
227,-1570
226,-1574
226,-1578
226,-1581
226,-1584
225,-1588
224,-1591
226,-1597
225,-1601
225,-1604
225,-1607
224,-1611
225,-1614
225,-1617
223,-1620
223,-1623
223,-1626
223,-1629
223,-1632
223,-1639
223,-1642
222,-1645
222,-1648
221,-1651
222,-1653
222,-1656
221,-1659
221,-1662
221,-1665
220,-1668
221,-1671
220,-1677
221,-1680
221,-1682
220,-1685
220,-1688
220,-1691
220,-1694
220,-1697
219,-1699
219,-1702
218,-1705
219,-1708
218,-1714
218,-1716
218,-1719
218,-1722
218,-1725
218,-1728
218,-1730
218,-1733
218,-1736
218,-1739
217,-1741
217,-1744
216,-1750
217,-1753
217,-1756
215,-1758
217,-1761
217,-1764
216,-1767
216,-1769
216,-1772
216,-1775
215,-1778
215,-1781
215,-1787
215,-1790
215,-1793
215,-1796
214,-1798
215,-1801
214,-1804
214,-1807
214,-1810
214,-1813
214,-1816
213,-1819
213,-1825
212,-1828
212,-1831
213,-1835
213,-1838
212,-1840
212,-1843
213,-1847
212,-1850
212,-1853
212,-1856
212,-1860
211,-1866
210,-1869
211,-1873
211,-1876
210,-1879
210,-1883
210,-1886
210,-1890
210,-1893
210,-1897
210,-1901
209,-1904
208,-1910
208,-1914
207,-1918
207,-1922
207,-1925
207,-1929
207,-1933
207,-1937
207,-1941
208,-1946
207,-1950
207,-1953
205,-1961
205,-1965
205,-1970
204,-1974
204,-1979
204,-1983
203,-1987
203,-1992
204,-1997
204,-2002
203,-2007
204,-2013
201,-2020
201,-2026
201,-2031
200,-2036
200,-2042
200,-2047
200,-2053
200,-2058
200,-2065
200,-2071
199,-2076
199,-2083
196,-2092
195,-2098
194,-2104
195,-2112
194,-2118
194,-2125
194,-2132
193,-2140
193,-2147
193,-2155
192,-2162
192,-2171
187,-2181
187,-2189
186,-2198
186,-2207
185,-2216
185,-2225
184,-2235
184,-2245
184,-2256
183,-2266
182,-2276
182,-2287
176,-2301
175,-2313
175,-2326
174,-2337
173,-2351
172,-2364
171,-2378
170,-2392
169,-2406
169,-2423
168,-2438
166,-2454
158,-2473
157,-2492
156,-2511
155,-2531
153,-2552
151,-2572
150,-2596
148,-2618
146,-2642
144,-2669
142,-2695
140,-2720
127,-2748
157,-2492
323,-3796
303,-3788
285,-3790
266,-3784
247,-3786
230,-3790
212,-3796
144,-2669
142,-2695
193,-4080
143,-4016
123,-4017
103,-4012
83,-4014
63,-4008
43,-4008
23,-4005
4,-4005
-15,-4000
-35,-3992
-55,-3989
-74,-3987
-115,-3985
-135,-3984
-154,-3981
-174,-3980
-193,-3978
-212,-3971
-232,-3972
-251,-3968
-270,-3965
-290,-3962
-309,-3962
-329,-3962
-369,-3961
-388,-3955
-408,-3953
-428,-3954
-447,-3949
-466,-3950
-485,-3943
-504,-3938
-525,-3943
-543,-3936
-563,-3935
-582,-3931
-623,-3925
-642,-3922
-663,-3926
-683,-3925
-702,-3920
-721,-3917
-741,-3915
-761,-3913
-782,-3914
-801,-3910
-821,-3907
-841,-3905
-882,-3897
-901,-3891
-923,-3893
-942,-3886
-962,-3885
-985,-3888
-1005,-3883
-1027,-3883
-1047,-3880
-1070,-3882
-1091,-3878
-1112,-3875
-1452,-3828
-1475,-3825
-1501,-3824
-1524,-3819
-1548,-3816
-1577,-3820
-1604,-3819
-1626,-3811
-1655,-3814
-1674,-3802
-1705,-3806
-1714,-3780
-1731,-3727
-1722,-3680
-1715,-3638
-1708,-3597
-1705,-3561
-1699,-3523
-1690,-3482
-1684,-3446
-1680,-3412
-1673,-3375
-1669,-3343
-1661,-3307
-1670,-3260
-1665,-3229
-1659,-3197
-1655,-3168
-1649,-3137
-1647,-3111
-1639,-3081
-1637,-3055
-1630,-3026
-1626,-3000
-1621,-2973
-1620,-2951
-1625,-2910
-1628,-2892
-1641,-2881
-1636,-2857
-1646,-2843
-1690,-2855
-1648,-2805
-1647,-2785
-1643,-2762
-1639,-2740
-1637,-2720
-1634,-2700
-1639,-2664
-1636,-2644
-1632,-2624
-1630,-2604
-1626,-2585
-1623,-2565
-1620,-2547
-1618,-2529
-1615,-2510
-1614,-2493
-1610,-2475
-1608,-2457
-781,-3911
-801,-3909
-822,-3908
-841,-3903
-863,-3905
-881,-3897
-903,-3899
-923,-3894
-943,-3889
-965,-3891
-986,-3889
-1007,-3886
-1051,-3880
-1071,-3876
-1093,-3875
-1114,-3870
-1137,-3872
-1156,-3863
-1180,-3864
-1204,-3865
-1227,-3864
-1250,-3863
-1273,-3861
-1296,-3858
-1337,-3842
-1359,-3837
-1384,-3836
-1408,-3834
-1436,-3837
-1459,-3833
-1484,-3831
-1508,-3827
-1531,-3822
-1558,-3821
-1586,-3822
-1611,-3818
-1659,-3804
-1684,-3800
-1709,-3795
-1737,-3795
-1436,-3837
-1717,-3697
-1708,-3652
-1705,-3615
-1702,-3578
-1693,-3536
-1688,-3499
-1679,-3458
-1693,-3412
-1683,-3372
-1680,-3341
-1671,-3303
-1669,-3274
-1665,-3243
-1656,-3209
-1656,-3183
-1645,-3147
-1642,-3120
-1636,-3090
-1632,-3063
-1639,-3020
-1637,-2996
-1630,-2968
-1628,-2944
-1623,-2919
-1624,-2898
-1639,-2889
-1632,-2862
-1640,-2848
-1692,-2865
-1646,-2811
-1645,-2791
-1650,-2753
-1644,-2730
-1645,-2711
-1640,-2689
-1636,-2668
-1632,-2647
-1628,-2626
-1627,-2608
-1623,-2588
-1620,-2569
-1616,-2549
-1616,-2532
-1619,-2499
-1618,-2481
-1615,-2463
-1612,-2446
-1608,-2428
-1606,-2411
-1604,-2394
-1601,-2377
-1599,-2361
-1597,-2345
-1597,-2330
-1594,-2314
-1597,-2284
-1596,-2268
-1589,-2251
-1589,-2237
-1608,-2428
-1264,-2100
-1285,-2095
-1295,-2087
-1328,-2086
-1311,-2069
-1306,-2057
-1307,-2045
-1305,-2022
-1299,-2009
-1308,-2000
-1308,-1990
-1351,-1988
-1348,-1976
-1346,-1965
-1346,-1953
-1345,-1942
-1342,-1931
-1329,-1917
-1290,-1900
-1271,-1876
-1258,-1864
-1248,-1852
-1308,-1990
-1351,-1988
-815,-1781
-814,-1775
-813,-1768
-813,-1762
-815,-1756
-847,-1751
-891,-1747
-1271,-1876
-1258,-1864
-1248,-1852
-1308,-1990
-1351,-1988
-815,-1781
-1522,-1674
-1522,-1662
-1524,-1649
-1518,-1637
-1519,-1625
-1517,-1613
-1515,-1587
-1514,-1575
-1511,-1563
-1512,-1550
-1511,-1538
-1513,-1525
-1503,-1514
-1506,-1501
-1504,-1489
-1503,-1477
-1502,-1464
-1487,-1454
-1495,-1427
-1493,-1415
-1465,-1408
-1466,-1396
-1468,-1383
-1490,-1365
-1494,-1351
-1457,-1348
-1480,-1329
-1486,-1315
-1485,-1302
-1483,-1290
-1476,-1264
-1476,-1251
-1470,-1240
-1457,-1231
-1456,-1218
-1455,-1205
-1452,-1193
-1452,-1180
-1452,-1166
-1486,-1315
-1223,-1236
-1187,-1240
-1149,-1234
-1115,-1239
-1080,-1245
-1050,-1249
-1024,-1252
-997,-1256
-970,-1260
-944,-1264
-917,-1269
-1486,-1315
-1223,-1236
-876,-1265
-867,-1252
-863,-1245
-861,-1237
-860,-1229
-860,-1220
-856,-1213
-856,-1204
-853,-1196
-853,-1187
-854,-1176
-853,-1167
-851,-1159
-850,-1138
-846,-1131
-866,-1104
-850,-1107
-832,-1110
-818,-1112
-802,-1115
-787,-1117
-774,-1119
-759,-1122
-758,-1112
-735,-1123
-727,-1109
-727,-1098
-726,-1089
-725,-1078
-725,-1068
-723,-1058
-723,-1047
-721,-1037
-721,-1026
-720,-1015
-720,-1002
-718,-992
-711,-974
-709,-962
-709,-949
-708,-937
-707,-924
-706,-910
-704,-898
-703,-885
-703,-870
-702,-856
-701,-841
-700,-826
-690,-805
-689,-789
-688,-773
-686,-757
-687,-737
-706,-910
-1269,316
-1268,357
-1268,400
-1259,429
-1249,455
-1222,450
-1164,433
-1143,437
-688,-773
-1096,433
-1078,443
-1052,435
-1029,432
-1004,425
-982,423
-958,419
-936,415
-913,411
-870,413
-849,414
-828,412
-804,404
-789,420
-786,474
-1029,432
-762,536
-740,534
-716,523
-698,531
-669,502
-627,506
-609,513
-591,517
-573,521
-552,513
-533,514
-510,491
-762,536
-740,534
-716,523
-432,473
-415,484
-376,487
-358,496
-338,490
-319,488
-300,487
-280,482
-261,479
-242,476
-223,473
-205,474
-186,471
-167,469
-128,468
-109,464
-91,462
-72,463
-54,460
-35,456
-17,455
0,448
18,427
34,399
55,436
-167,469
-128,468
-109,464
-91,462
-72,463
-86,-1591
-85,-1589
-84,-1590
0,448
18,427
34,399
55,436
322,410
-128,468
-109,464
-91,462
-72,463
429,361
457,395
478,401
497,394
517,397
537,397
55,436
-68,-1604
-66,-1605
-65,-1604
-64,-1604
-72,463
429,361
457,395
478,401
497,394
517,397
296,-788
294,-815
293,-836
297,-869
288,-907
282,-935
292,-932
292,-949
288,-973
282,-998
279,-1018
277,-1037
274,-1055
271,-1073
267,-1092
269,-1113
267,-1128
268,-1138
266,-1152
264,-1166
261,-1180
260,-1191
259,-1202
256,-1216
254,-1227
250,-1241
247,-1254
259,-1255
261,-1262
257,-1274
253,-1286
251,-1296
250,-1305
249,-1312
248,-1320
247,-1329
246,-1336
245,-1344
244,-1351
246,-1362
245,-1369
245,-1375
244,-1382
243,-1388
242,-1395
241,-1401
241,-1407
240,-1413
239,-1419
238,-1425
237,-1430
239,-1439
239,-1445
238,-1450
238,-1455
235,-1461
236,-1465
234,-1471
233,-1476
234,-1480
232,-1485
233,-1489
231,-1494
233,-1502
233,-1506
232,-1510
232,-1514
231,-1519
230,-1523
230,-1527
229,-1531
229,-1535
228,-1539
228,-1543
227,-1547
228,-1554
229,-1557
228,-1561
228,-1564
227,-1568
226,-1572
227,-1575
226,-1579
226,-1582
226,-1586
226,-1589
225,-1592
226,-1599
225,-1602
225,-1605
225,-1608
224,-1612
224,-1615
224,-1618
224,-1621
224,-1624
222,-1628
222,-1631
223,-1633
222,-1640
223,-1643
223,-1646
222,-1649
222,-1652
222,-1655
222,-1658
221,-1660
222,-1663
221,-1666
220,-1669
221,-1672
221,-1678
221,-1681
220,-1684
220,-1686
220,-1689
220,-1692
220,-1695
219,-1698
219,-1701
219,-1703
219,-1706
218,-1709
218,-1715
218,-1718
218,-1720
218,-1723
218,-1726
218,-1729
218,-1732
218,-1734
218,-1737
217,-1740
217,-1743
217,-1745
217,-1751
216,-1754
217,-1757
216,-1760
217,-1763
216,-1765
216,-1768
215,-1771
216,-1774
215,-1777
216,-1779
215,-1782
215,-1788
215,-1791
215,-1794
215,-1797
215,-1800
214,-1803
214,-1806
215,-1809
214,-1812
214,-1815
214,-1818
214,-1821
213,-1827
213,-1830
213,-1833
213,-1836
213,-1839
212,-1842
212,-1845
213,-1849
213,-1852
212,-1855
212,-1858
212,-1861
211,-1868
210,-1871
211,-1875
210,-1878
210,-1881
211,-1885
210,-1888
210,-1892
209,-1895
210,-1899
210,-1903
209,-1906
208,-1913
208,-1917
208,-1920
208,-1924
208,-1928
208,-1932
207,-1936
208,-1940
208,-1944
207,-1948
208,-1952
207,-1956
204,-1963
204,-1968
204,-1972
204,-1976
204,-1982
204,-1986
204,-1991
203,-1995
204,-2001
204,-2006
204,-2010
204,-2016
201,-2023
201,-2029
201,-2035
201,-2040
201,-2046
200,-2050
200,-2057
200,-2062
199,-2068
200,-2074
199,-2080
199,-2087
195,-2096
194,-2102
195,-2109
194,-2116
194,-2122
194,-2130
194,-2137
193,-2145
193,-2152
193,-2161
192,-2168
192,-2176
187,-2187
187,-2195
186,-2204
186,-2213
185,-2222
185,-2232
184,-2242
183,-2251
183,-2262
183,-2273
182,-2284
181,-2295
175,-2309
174,-2322
174,-2334
173,-2347
172,-2360
171,-2373
170,-2388
169,-2402
168,-2417
167,-2433
166,-2449
165,-2467
157,-2488
155,-2505
154,-2524
153,-2546
151,-2567
150,-2588
148,-2612
146,-2636
144,-2660
142,-2687
141,-2718
136,-2739
157,-2488
155,-2505
308,-3797
287,-3787
270,-3795
252,-3793
232,-3786
215,-3795
144,-2660
142,-2687
190,-4033
168,-4014
125,-4013
106,-4017
86,-4014
66,-4012
46,-4010
26,-4006
6,-4001
-12,-3997
-32,-3994
-52,-3991
-71,-3984
-90,-3988
-131,-3983
-151,-3982
-170,-3981
-190,-3980
-209,-3975
-229,-3974
-248,-3973
-268,-3968
-287,-3967
-306,-3960
-326,-3965
-345,-3955
-386,-3956
-405,-3949
-425,-3953
-444,-3948
-463,-3943
-483,-3943
-502,-3941
-522,-3941
-541,-3937
-561,-3935
-581,-3934
-601,-3934
-642,-3929
-661,-3924
-680,-3919
-700,-3920
-720,-3919
-740,-3917
-759,-3912
-781,-3917
-800,-3910
-820,-3908
-840,-3905
-861,-3905
-900,-3891
-921,-3891
-943,-3891
-962,-3886
-984,-3887
-1003,-3879
-1025,-3882
-1047,-3881
-1069,-3881
-1090,-3878
-1111,-3873
-1132,-3871
-1819,-4543
-1842,-4537
-1866,-4532
-1889,-4526
-1915,-4522
-1941,-4520
-1963,-4511
-1992,-4510
-2019,-4506
-2043,-4499
-2070,-4495
-2058,-4449
-2058,-4383
-2042,-4335
-2034,-4298
-2031,-4265
-2012,-4219
-2010,-4189
-1995,-4147
-1990,-4116
-1978,-4079
-1972,-4048
-1957,-4010
-1954,-3982
-1962,-3937
-1949,-3903
-1943,-3875
-1930,-3842
-1929,-3818
-1919,-3789
-1912,-3761
-1904,-3734
-1900,-3710
-1892,-3683
-1885,-3658
-1880,-3635
-1886,-3597
-1903,-3588
-1895,-3564
-1900,-3548
-1963,-3566
-1902,-3512
-1900,-3492
-1895,-3470
-1887,-3448
-1885,-3428
-1881,-3409
-1873,-3387
-1877,-3353
-1870,-3332
-1866,-3313
-1861,-3294
-1857,-3275
-1851,-3256
-1850,-3239
-1844,-3221
-1840,-3203
-1837,-3186
-1833,-3169
-1827,-3151
-208,-4068
-221,-4066
-234,-4062
-248,-4062
-261,-4060
-274,-4058
-287,-4056
-300,-4056
-312,-4051
-325,-4050
-338,-4047
-351,-4047
-378,-4046
-391,-4042
-404,-4042
-416,-4041
-429,-4041
-442,-4040
-455,-4039
-468,-4036
-481,-4034
-493,-4033
-506,-4030
-519,-4031
-546,-4028
-559,-4026
-571,-4023
-584,-4020
-598,-4023
-610,-4020
-624,-4019
-637,-4019
-650,-4016
-663,-4017
-676,-4012
-689,-4012
-715,-4004
-729,-4004
-743,-4003
-755,-3999
-769,-4000
-784,-4001
-797,-3998
-811,-3997
-825,-3997
-838,-3994
-853,-3994
-866,-3993
-894,-3986
-909,-3986
-922,-3982
-935,-3978
-950,-3978
-965,-3978
-980,-3978
-995,-3976
-1009,-3974
-1024,-3972
-1040,-3972
-1055,-3972
-1084,-3963
-1100,-3962
-1115,-3960
-1130,-3957
-1146,-3957
-1163,-3956
-1177,-3952
-1195,-3952
-1211,-3951
-1228,-3949
-1245,-3948
-1261,-3947
-1292,-3936
-1310,-3935
-1326,-3931
-1344,-3929
-1363,-3929
-1384,-3931
-1401,-3926
-1421,-3926
-1440,-3924
-1458,-3921
-1477,-3918
-1500,-3921
-1533,-3907
-1553,-3904
-1574,-3903
-1597,-3903
-1616,-3899
-1638,-3898
-1661,-3897
-1681,-3893
-1706,-3893
-1693,-3858
-1672,-3817
-1669,-3793
-1675,-3754
-1670,-3729
-1667,-3706
-1663,-3682
-1661,-3661
-1656,-3638
-1654,-3617
-1649,-3594
-1644,-3572
-1640,-3552
-1638,-3532
-1637,-3514
-1641,-3480
-1640,-3462
-1634,-3441
-1630,-3423
-1627,-3404
-1622,-3385
-1622,-3369
-1619,-3351
-1617,-3335
-1612,-3316
-1608,-3299
-1607,-3284
-1611,-3254
-1609,-3238
-1605,-3222
-1602,-3206
-1600,-3191
-1599,-3176
-1595,-3161
-1591,-3145
-1590,-3131
-1587,-3116
-1584,-3101
-1582,-3087
-1585,-3061
-1584,-3047
-1581,-3033
-1579,-3019
-1575,-3005
-1577,-2993
-1633,-2999
-1592,-2973
-1589,-2959
-1584,-2946
-1584,-3101
-1622,-2931
-1607,-2901
-1603,-2888
-1605,-2876
-1601,-2863
-1600,-2850
-1597,-2838
-1594,-2825
-1592,-2813
-1592,-2801
-1590,-2789
-1588,-2777
-1586,-2765
-1586,-2740
-1584,-2728
-1584,-2717
-1582,-2705
-1580,-2693
-1581,-2682
-1577,-2670
-1576,-2659
-1574,-2647
-1574,-2636
-1571,-2625
-1570,-2613
-1569,-2590
-1569,-2578
-1565,-2567
-1564,-2556
-1564,-2544
-1562,-2533
-1561,-2522
-1562,-2511
-1559,-2499
-1558,-2488
-1556,-2477
-1553,-2466
-1554,-2442
-1551,-2431
-1549,-2420
-1547,-2409
-1546,-2398
-1546,-2387
-1545,-2376
-1544,-2365
-1542,-2354
-1541,-2342
-1540,-2331
-1539,-2320
-1534,-2297
-1535,-2285
-1531,-2275
-1538,-2262
-1532,-2251
-1528,-2241
-1525,-2230
-1524,-2219
-1523,-2207
-1524,-2195
-1509,-2188
-1539,-2320
-1534,-2297
-1535,-2285
-1314,-2195
-1538,-2262
-1214,-2211
-1215,-2202
-1221,-2190
-1265,-2163
-1264,-2154
-1259,-2145
-1262,-2134
-1261,-2124
-1257,-2105
-1259,-2093
-1252,-2086
-1248,-2077
-1253,-2064
-1283,-2038
-1296,-2021
-1297,-2008
-1248,-2023
-1272,-1999
-1247,-2002
-1247,-1990
-1192,-2000
-1173,-2001
-1168,-1993
-1165,-1984
-1160,-1976
-1166,-1961
-1200,-1927
-1218,-1903
-1242,-1873
-1227,-1872
-1202,-1877
-1181,-1880
-1173,-1862
-1205,-1823
-1186,-1826
-1165,-1829
-1147,-1832
-1128,-1835
-1109,-1838
-1091,-1841
-1072,-1845
-1055,-1848
-1038,-1851
-1023,-1853
-1000,-1848
-985,-1851
-970,-1853
-955,-1857
-942,-1859
-929,-1860
-914,-1863
-902,-1865
-889,-1867
-876,-1870
-864,-1871
-852,-1873
-834,-1870
-822,-1872
-811,-1874
-800,-1876
-789,-1877
-778,-1880
-774,-1872
-773,-1861
-773,-1848
-876,-1870
-864,-1871
-1094,-1333
-1063,-1331
-1046,-1334
-1031,-1334
-1014,-1339
-998,-1342
-982,-1343
-966,-1348
-950,-1351
-936,-1351
-920,-1356
-907,-1355
-893,-1357
-865,-1357
-852,-1357
-839,-1358
-828,-1355
-816,-1352
-808,-1340
-804,-1320
-797,-1308
-796,-1279
-920,-1356
-801,-1198
-788,-1198
-760,-1197
-747,-1195
-732,-1200
-718,-1203
-705,-1203
-692,-1204
-699,-1141
-696,-1104
-692,-1071
-688,-1034
-685,-994
-681,-954
-661,-909
-655,-866
-668,-738
-718,-1203
-705,-1203
-692,-1204
-699,-1141
-696,-1104
-692,-1071
-688,-1034
-691,299
-657,240
-619,261
-585,184
-668,-738
-278,-2452
-277,-2451
-276,-2449
-275,-2448
-696,-1104
-692,-1071
-400,250
-377,282
-353,288
-302,256
-278,348
-253,311
-229,303
-204,323
-179,317
-154,324
-130,328
-106,299
-86,230
-59,276
-31,323
17,292
41,276
66,275
96,319
120,303
140,262
164,257
198,308
231,350
-86,230
-59,276
-31,323
-241,-2437
-240,-2437
-239,-2436
-238,-2436
-237,-2438
140,262
164,257
198,308
231,350
-86,230
-59,276
-31,323
-241,-2437
-240,-2437
-239,-2436
382,-797
370,-877
362,-940
356,-995
198,308
-223,-2451
-222,-2452
-221,-2451
-220,-2452
-218,-2453
-217,-2453
-216,-2454
-216,-2455
370,-877
362,-940
294,-1512
294,-1534
291,-1559
290,-1581
283,-1612
271,-1651
277,-1678
291,-1672
290,-1691
287,-1712
280,-1738
277,-1757
274,-1776
271,-1794
267,-1814
263,-1833
259,-1852
255,-1869
261,-1887
260,-1900
258,-1914
257,-1927
254,-1941
252,-1954
250,-1967
246,-1981
245,-1993
237,-2010
239,-2018
247,-2019
254,-2031
249,-2045
245,-2058
242,-2069
240,-2079
239,-2088
238,-2097
236,-2106
235,-2115
233,-2124
232,-2133
231,-2141
234,-2154
233,-2162
232,-2170
230,-2178
229,-2186
228,-2193
228,-2200
226,-2207
226,-2214
225,-2221
223,-2228
223,-2235
225,-2246
224,-2253
223,-2259
222,-2265
222,-2271
221,-2277
220,-2283
220,-2289
218,-2295
218,-2301
217,-2306
216,-2312
218,-2323
217,-2328
216,-2333
216,-2339
215,-2344
215,-2349
212,-2355
213,-2360
210,-2366
210,-2370
210,-2375
209,-2380
210,-2390
209,-2395
208,-2400
208,-2404
208,-2409
207,-2414
206,-2418
207,-2423
205,-2427
204,-2432
204,-2436
204,-2441
204,-2450
203,-2454
204,-2458
203,-2463
203,-2467
202,-2472
201,-2476
201,-2480
201,-2484
200,-2488
200,-2493
201,-2497
200,-2505
199,-2510
199,-2514
199,-2518
198,-2522
198,-2526
198,-2530
198,-2534
198,-2538
197,-2542
197,-2546
195,-2550
195,-2558
195,-2562
194,-2566
195,-2571
194,-2574
194,-2578
194,-2582
194,-2586
193,-2590
193,-2594
193,-2598
193,-2603
192,-2611
192,-2615
191,-2619
191,-2623
190,-2627
190,-2631
189,-2635
190,-2639
191,-2643
190,-2647
189,-2651
189,-2655
188,-2664
188,-2668
187,-2672
187,-2676
187,-2680
186,-2684
186,-2688
185,-2692
186,-2697
185,-2701
185,-2705
186,-2710
183,-2718
182,-2722
183,-2727
182,-2731
183,-2736
182,-2740
181,-2744
182,-2749
182,-2753
181,-2758
181,-2762
182,-2768
178,-2776
181,-2782
180,-2786
179,-2791
181,-2797
181,-2801
177,-2804
176,-2809
175,-2813
175,-2818
174,-2823
174,-2828
173,-2838
175,-2845
180,-2853
179,-2791
181,-2797
539,-3121
535,-3129
536,-3140
536,-3150
535,-3160
533,-3170
534,-3181
527,-3199
526,-3210
525,-3220
525,-3232
523,-3242
524,-3254
523,-3266
521,-3277
521,-3289
521,-3302
520,-3314
519,-3326
511,-3346
526,-3210
490,-3352
484,-3359
483,-3373
482,-3386
483,-3401
484,-3417
483,-3432
481,-3445
482,-3462
483,-3479
474,-3503
473,-3518
474,-3537
473,-3554
472,-3570
472,-3589
472,-3608
472,-3627
472,-3647
471,-3666
471,-3687
471,-3708
460,-3738
459,-3758
460,-3784
460,-3808
485,-3878
469,-3875
486,-3934
470,-3932
438,-3901
426,-3907
423,-3929
418,-3948
460,-3738
350,-3901
338,-3904
323,-3901
308,-3900
294,-3899
281,-3899
267,-3899
256,-3905
426,-3907
423,-3929
418,-3948
460,-3738
350,-3901
232,-4117
216,-4116
201,-4113
186,-4111
171,-4109
156,-4107
141,-4104
127,-4104
112,-4102
97,-4099
68,-4100
54,-4097
40,-4096
26,-4098
11,-4092
-1,-4094
-15,-4089
-29,-4088
-43,-4084
-57,-4082
-71,-4081
-84,-4078
-112,-4078
-125,-4077
-139,-4075
-152,-4072
-165,-4072
-179,-4069
-192,-4069
-205,-4067
-218,-4067
-231,-4061
-244,-4060
-257,-4060
-284,-4057
-297,-4055
-310,-4056
-322,-4052
-335,-4050
-348,-4047
-360,-4047
-373,-4048
-385,-4042
-398,-4042
-411,-4041
-424,-4041
-783,-4864
-796,-4863
-808,-4860
-822,-4859
-835,-4860
-847,-4854
-860,-4854
-873,-4851
-886,-4851
-900,-4851
-912,-4847
-926,-4847
-953,-4843
-967,-4842
-980,-4839
-994,-4837
-1008,-4836
-1022,-4837
-1036,-4835
-1049,-4832
-1064,-4833
-1078,-4829
-1091,-4825
-1106,-4826
-1133,-4817
-1148,-4817
-1163,-4816
-1177,-4814
-1193,-4814
-1207,-4812
-1223,-4812
-1238,-4810
-1253,-4808
-1269,-4808
-1284,-4806
-1300,-4807
-1329,-4796
-1344,-4793
-1360,-4792
-1379,-4793
-1394,-4789
-1411,-4788
-1428,-4786
-1445,-4784
-1462,-4782
-1480,-4782
-1497,-4779
-1517,-4780
-1549,-4769
-1565,-4765
-1586,-4767
-1603,-4762
-1622,-4761
-1642,-4760
-1663,-4760
-1681,-4756
-1701,-4754
-1724,-4756
-1744,-4753
-1764,-4750
605,-3279
603,-3289
602,-3298
601,-3307
601,-3316
601,-3325
599,-3334
597,-3343
597,-3352
598,-3361
596,-3370
595,-3379
593,-3398
592,-3407
591,-3416
592,-3424
589,-3433
579,-3442
559,-3450
560,-3458
559,-3467
560,-3476
559,-3484
558,-3493
556,-3511
557,-3520
555,-3528
558,-3537
556,-3546
558,-3555
555,-3563
556,-3572
556,-3581
557,-3590
556,-3599
556,-3608
553,-3626
553,-3635
553,-3644
554,-3653
555,-3662
552,-3671
553,-3680
552,-3689
554,-3699
553,-3708
552,-3717
552,-3727
549,-3746
550,-3756
548,-3765
548,-3775
548,-3785
548,-3794
549,-3805
548,-3814
547,-3824
548,-3835
548,-3845
549,-3855
545,-3875
544,-3885
544,-3896
663,-3968
650,-3973
625,-3972
600,-3970
581,-3971
563,-3972
548,-3835
528,-3975
522,-3982
513,-4000
508,-4008
506,-4019
531,-4047
502,-4040
430,-4001
406,-3995
392,-3996
377,-3996
361,-3995
351,-3998
338,-3999
327,-4012
326,-4022
328,-4034
324,-4043
323,-4053
324,-4066
321,-4074
320,-4086
322,-4099
320,-4109
317,-4119
323,-4138
313,-4154
312,-4166
345,-4215
329,-4212
314,-4210
299,-4207
284,-4205
271,-4204
257,-4202
243,-4200
229,-4197
217,-4196
195,-4198
183,-4198
170,-4196
158,-4193
146,-4191
135,-4190
124,-4189
112,-4187
101,-4184
90,-4183
79,-4182
69,-4180
51,-4184
42,-4183
31,-4180
21,-4179
11,-4177
1,-4176
-7,-4176
-17,-4173
-26,-4171
-35,-4170
-45,-4168
-53,-4168
-69,-4169
-78,-4169
-86,-4167
-95,-4166
-103,-4165
-111,-4164
-120,-4162
-128,-4160
-136,-4160
-144,-4159
-152,-4157
-160,-4157
-175,-4158
-182,-4157
-190,-4156
-197,-4155
-204,-4155
-212,-4153
-219,-4152
-226,-4151
-233,-4151
-241,-4150
-248,-4149
-255,-4149
-269,-4149
-276,-4147
-283,-4147
-289,-4147
-296,-4145
-303,-4144
-310,-4144
-317,-4143
-323,-4142
-330,-4142
-336,-4141
-343,-4141
-356,-4141
-363,-4139
-369,-4139
-376,-4137
-382,-4138
-389,-4137
-395,-4137
-402,-4136
-408,-4135
-414,-4135
-421,-4133
-427,-4133
-440,-4133
-447,-4132
-453,-4131
-459,-4132
-465,-4130
-472,-4129
-478,-4129
-484,-4130
-491,-4129
-497,-4128
-503,-4128
-509,-4126
-522,-4126
-529,-4125
-535,-4125
-541,-4123
-548,-4122
-554,-4122
-560,-4122
-567,-4122
-573,-4122
-580,-4121
-586,-4119
-592,-4119
-605,-4117
-612,-4116
-618,-4117
-624,-4115
-631,-4115
-638,-4115
-644,-4115
-651,-4115
-657,-4114
-664,-4114
-670,-4112
-677,-4112
-690,-4110
-697,-4108
-704,-4108
-711,-4107
-717,-4107
-724,-4106
-731,-4106
-738,-4106
-746,-4106
-753,-4105
-759,-4104
-767,-4104
-781,-4100
-788,-4099
-795,-4098
-803,-4099
-810,-4098
-818,-4098
-825,-4098
-832,-4096
-840,-4096
-848,-4096
-856,-4095
-864,-4095
-878,-4090
-887,-4090
-895,-4090
-903,-4088
-912,-4088
-921,-4089
-929,-4087
-938,-4088
-947,-4087
-956,-4086
-965,-4086
-974,-4085
-990,-4079
-999,-4079
-1009,-4079
-1018,-4077
-1029,-4078
-1039,-4078
-1048,-4076
-1058,-4075
-1068,-4074
-1079,-4074
-1090,-4074
-1101,-4073
-1118,-4066
-1129,-4065
-1141,-4065
-1152,-4064
-1164,-4063
-1176,-4063
-1188,-4062
-1200,-4061
-1212,-4060
-1226,-4060
-1240,-4059
-1254,-4059
-1273,-4051
-1287,-4049
-1301,-4049
-1316,-4048
-1330,-4046
-1346,-4046
-1362,-4045
-1377,-4044
-1393,-4042
-1410,-4041
-1426,-4040
-1444,-4039
-1468,-4029
-1487,-4028
-1505,-4026
-1525,-4025
-1545,-4023
-1565,-4022
-1584,-4020
-1605,-4018
-1393,-4042
-1612,-3996
-1609,-3982
-1588,-3959
-1593,-3935
-1591,-3922
-1588,-3909
-1586,-3896
-1585,-3884
-1581,-3871
-1581,-3859
-1579,-3847
-1576,-3835
-1575,-3823
-1573,-3811
-1576,-3801
-1576,-3778
-1575,-3767
-1574,-3756
-1571,-3744
-1568,-3733
-1568,-3722
-1566,-3711
-1565,-3700
-1565,-3689
-1560,-3678
-1560,-3667
-1558,-3657
-1558,-3635
-1560,-3626
-1556,-3615
-1555,-3605
-1555,-3595
-1552,-3584
-1550,-3574
-1553,-3564
-1548,-3554
-1547,-3544
-1547,-3534
-1545,-3524
-1545,-3504
-1544,-3494
-1542,-3484
-1541,-3475
-1542,-3465
-1539,-3455
-1539,-3446
-1536,-3436
-1535,-3426
-1535,-3417
-1533,-3407
-1532,-3398
-1531,-3378
-1530,-3369
-1529,-3359
-1528,-3350
-1527,-3340
-1524,-3331
-1526,-3321
-1527,-3312
-1524,-3302
-1523,-3293
-1519,-3284
-1518,-3274
-1516,-3255
-1516,-3245
-1514,-3236
-1512,-3227
-1511,-3217
-1509,-3208
-1510,-3198
-1509,-3189
-1508,-3179
-1507,-3170
-1505,-3160
-1505,-3151
-1503,-3131
-1501,-3121
-1508,-3110
-1520,-3096
-1520,-3086
-1519,-3076
-1518,-3066
-1522,-3055
-1528,-3042
-1528,-3032
-1528,-3021
-1524,-3012
-1516,-2993
-1508,-2985
-1506,-2975
-1507,-2964
-1507,-2953
-1505,-2943
-1504,-2933
-1503,-2922
-1502,-2912
-1502,-2900
-1500,-2890
-1500,-2878
-1493,-2858
-1494,-2846
-1493,-2835
-1491,-2824
-1491,-2812
-1491,-2800
-1489,-2789
-1489,-2777
-1488,-2764
-1487,-2753
-1485,-2741
-1484,-2729
-1478,-2706
-1476,-2694
-1476,-2681
-1475,-2669
-1475,-2655
-1473,-2643
-1472,-2630
-1471,-2617
-1471,-2603
-1469,-2590
-1468,-2576
-1469,-2561
-1460,-2537
-1459,-2522
-1456,-2509
-1458,-2492
-1456,-2477
-1456,-2462
-1454,-2447
-1452,-2432
-1454,-2413
-1451,-2399
-1452,-2381
-1451,-2364
-1438,-2339
-1436,-2323
-1435,-2305
-1420,-2303
-1414,-2290
-1395,-2292
-1375,-2296
-1356,-2299
-1338,-2301
-1320,-2304
-1302,-2307
-1285,-2309
-1257,-2305
-1241,-2307
-1225,-2309
-1208,-2313
-1192,-2315
-1176,-2319
-1161,-2321
-1150,-2316
-1141,-2310
-1151,-2273
-1154,-2247
-1152,-2228
-1135,-2206
-1129,-2193
-1119,-2186
-1119,-2161
-1118,-2137
-1116,-2115
-1113,-2092
-1111,-2069
-1110,-2041
-1107,-2017
-1105,-1991
-1112,-1943
-1082,-1939
-1066,-1940
-1049,-1944
-1033,-1948
-1018,-1948
-1002,-1951
-987,-1952
-972,-1956
-957,-1958
-942,-1958
-927,-1961
-913,-1962
-884,-1963
-870,-1963
-856,-1965
-842,-1967
-828,-1970
-814,-1972
-801,-1972
-787,-1975
-773,-1978
-760,-1978
-747,-1980
-734,-1981
-707,-1981
-698,-1966
-856,-1965
-842,-1967
-828,-1970
-746,-1323
-730,-1314
-712,-1313
-694,-1312
-676,-1314
-659,-1308
-734,-1981
-440,-3294
-440,-3293
-439,-3291
-842,-1967
-828,-1970
-746,-1323
-547,253
-516,259
-694,-1312
-453,251
-422,211
-391,279
-324,229
-293,223
-265,169
-842,-1967
-828,-1970
-746,-1323
-135,257
-103,267
-69,290
-41,261
-6,288
17,227
88,264
121,261
151,243
-842,-1967
-828,-1970
-746,-1323
-135,257
-407,-3282
-406,-3281
-404,-3280
-403,-3279
-402,-3281
88,264
121,261
151,243
-842,-1967
-828,-1970
-746,-1323
-135,257
-407,-3282
-406,-3281
-404,-3280
-403,-3279
404,-1121
412,-1223
405,-1295
151,243
-388,-3296
-386,-3296
-385,-3296
-384,-3296
-383,-3296
-382,-3296
-381,-3297
-381,-3298
404,-1121
412,-1223
405,-1295
327,-2012
325,-2043
320,-2080
317,-2109
315,-2139
302,-2185
290,-2227
302,-2230
310,-2241
306,-2269
311,-2304
304,-2334
300,-2360
298,-2382
295,-2405
288,-2432
282,-2456
278,-2479
276,-2498
275,-2515
274,-2531
271,-2551
276,-2575
275,-2591
271,-2609
268,-2626
265,-2643
261,-2660
256,-2679
257,-2690
267,-2692
268,-2702
261,-2722
255,-2739
258,-2759
257,-2771
255,-2784
253,-2796
252,-2808
250,-2819
249,-2830
247,-2841
246,-2852
244,-2864
243,-2874
242,-2884
245,-2901
242,-2912
239,-2923
238,-2932
238,-2941
238,-2949
241,-2955
249,-2959
260,-2960
269,-2962
282,-2963
293,-2965
310,-2973
322,-2974
335,-2976
350,-2976
364,-2978
380,-2978
394,-2980
410,-2980
426,-2982
444,-2982
461,-2983
481,-2984
502,-2994
523,-2995
544,-2996
566,-2996
589,-2997
380,-2978
394,-2980
626,-3014
626,-3024
622,-3036
622,-3046
621,-3056
624,-3076
622,-3087
621,-3097
620,-3107
619,-3117
618,-3127
616,-3137
615,-3147
614,-3157
612,-3167
612,-3176
612,-3185
612,-3205
611,-3214
609,-3224
608,-3233
607,-3243
606,-3252
604,-3261
604,-3270
604,-3279
602,-3289
602,-3298
600,-3307
602,-3326
599,-3335
599,-3344
597,-3353
597,-3362
596,-3371
594,-3379
593,-3388
594,-3397
592,-3406
590,-3415
590,-3424
589,-3442
564,-3450
560,-3458
559,-3467
561,-3475
560,-3484
559,-3492
559,-3501
559,-3510
558,-3518
557,-3527
557,-3535
